 PEAK VALUE Output  --------  CD            1

       24   HOUR Average  CONCENTRATION Values at Selected Receptors  (ng/m**3)    
       19   Receptors are Included

 PD START TIME
 YYYY JDY HHMM   (I , J)  T     X(km)      Y(km)  

 2017 243 0000     0   0         0.000      0.000  0.000000E+00
 2017 244 0000     0   0         0.000      0.000  0.000000E+00
 2017 245 0000     0   0         0.000      0.000  0.000000E+00
 2017 246 0000     0   0         0.000      0.000  0.000000E+00
 2017 247 0000     0   0         0.000      0.000  0.000000E+00
 2017 248 0000     0   0         0.000      0.000  0.000000E+00
 2017 249 0000     0   0         0.000      0.000  0.000000E+00
 2017 250 0000     0   0         0.000      0.000  0.000000E+00
 2017 251 0000     0   0         0.000      0.000  0.000000E+00
 2017 252 0000     0   0         0.000      0.000  0.000000E+00
 2017 253 0000     0   0         0.000      0.000  0.000000E+00
 2017 254 0000     0   0         0.000      0.000  0.000000E+00
 2017 255 0000    19   0  D    762.221   5038.771  5.291559E-01
 2017 256 0000     1   0  D    762.253   5039.009  2.330741E-01
 2017 257 0000    19   0  D    762.221   5038.771  4.892789E-01
 2017 258 0000    19   0  D    762.221   5038.771  6.142272E-01
 2017 259 0000     9   0  D    762.308   5038.811  5.905972E-01
 2017 260 0000    13   0  D    762.726   5039.480  1.029510E-01
 2017 261 0000     1   0  D    762.253   5039.009  2.928948E-01
 2017 262 0000    19   0  D    762.221   5038.771  8.451219E-01
 2017 263 0000     1   0  D    762.253   5039.009  4.435720E-01
 2017 264 0000     1   0  D    762.253   5039.009  3.457861E-01
 2017 265 0000     1   0  D    762.253   5039.009  6.335277E-02
 2017 266 0000    19   0  D    762.221   5038.771  2.566902E-01
 2017 267 0000    19   0  D    762.221   5038.771  1.035660E+00
 2017 268 0000    19   0  D    762.221   5038.771  1.043245E-01
 2017 269 0000    19   0  D    762.221   5038.771  1.899733E-01
 2017 270 0000    19   0  D    762.221   5038.771  3.024475E-01
 2017 271 0000    19   0  D    762.221   5038.771  2.602941E-01
 2017 272 0000    19   0  D    762.221   5038.771  3.526823E-01
 2017 273 0000    19   0  D    762.221   5038.771  1.926035E-01
 2017 274 0000    19   0  D    762.221   5038.771  3.160230E-01
 2017 275 0000     1   0  D    762.253   5039.009  2.885135E-01
 2017 276 0000    19   0  D    762.221   5038.771  1.803302E-01
 2017 277 0000     1   0  D    762.253   5039.009  4.912002E-01
 2017 278 0000     1   0  D    762.253   5039.009  2.707962E-01
 2017 279 0000     1   0  D    762.253   5039.009  1.066629E-01
 2017 280 0000     1   0  D    762.253   5039.009  2.496285E-01
 2017 281 0000     1   0  D    762.253   5039.009  4.012216E-01
 2017 282 0000     1   0  D    762.253   5039.009  1.289205E-01
 2017 283 0000     1   0  D    762.253   5039.009  4.664252E-01
 2017 284 0000     1   0  D    762.253   5039.009  3.076025E-01
 2017 285 0000     1   0  D    762.253   5039.009  3.882816E-01
 2017 286 0000     1   0  D    762.253   5039.009  3.856379E-01
 2017 287 0000     1   0  D    762.253   5039.009  4.940126E-01
 2017 288 0000     1   0  D    762.253   5039.009  1.744212E-01
 2017 289 0000     1   0  D    762.253   5039.009  3.304999E-01
 2017 290 0000     1   0  D    762.253   5039.009  3.195058E-01
 2017 291 0000    19   0  D    762.221   5038.771  3.035777E-01
 2017 292 0000    19   0  D    762.221   5038.771  2.214011E-01
 2017 293 0000    19   0  D    762.221   5038.771  1.371997E-01
 2017 294 0000    19   0  D    762.221   5038.771  1.135404E-01
 2017 295 0000    19   0  D    762.221   5038.771  1.128093E+00
 2017 296 0000     1   0  D    762.253   5039.009  1.787390E-01
 2017 297 0000     1   0  D    762.253   5039.009  2.776151E-01
 2017 298 0000     1   0  D    762.253   5039.009  2.061084E-01
 2017 299 0000     1   0  D    762.253   5039.009  2.877981E-01
 2017 300 0000     1   0  D    762.253   5039.009  1.297573E-01
 2017 301 0000    19   0  D    762.221   5038.771  2.819567E-01
 2017 302 0000     1   0  D    762.253   5039.009  6.070187E-02
 2017 303 0000    14   0  D    761.850   5038.547  5.867232E-02
 2017 304 0000    19   0  D    762.221   5038.771  3.881037E-01
 2017 305 0000     1   0  D    762.253   5039.009  2.206747E-01
 2017 306 0000     1   0  D    762.253   5039.009  1.525329E-01
 2017 307 0000    13   0  D    762.726   5039.480  1.120067E-01
 2017 308 0000    19   0  D    762.221   5038.771  2.427618E-01
 2017 309 0000     1   0  D    762.253   5039.009  2.567424E-01
 2017 310 0000    14   0  D    761.850   5038.547  1.369886E-01
 2017 311 0000    19   0  D    762.221   5038.771  5.187316E-01
 2017 312 0000    13   0  D    762.726   5039.480  1.174763E-01
 2017 313 0000    10   0  D    761.696   5038.194  9.242651E-02
 2017 314 0000     1   0  D    762.253   5039.009  1.202850E-01
 2017 315 0000     1   0  D    762.253   5039.009  1.159924E-01
 2017 316 0000    19   0  D    762.221   5038.771  4.391367E-01
 2017 317 0000    19   0  D    762.221   5038.771  5.317830E-01
 2017 318 0000    19   0  D    762.221   5038.771  3.084450E-01
 2017 319 0000    19   0  D    762.221   5038.771  5.524318E-01
 2017 320 0000    17   0  D    761.900   5038.891  9.558738E-02
 2017 321 0000    19   0  D    762.221   5038.771  2.533129E-01
 2017 322 0000    19   0  D    762.221   5038.771  1.937589E-01
 2017 323 0000    19   0  D    762.221   5038.771  1.909075E-01
 2017 324 0000    19   0  D    762.221   5038.771  8.230571E-02
 2017 325 0000     1   0  D    762.253   5039.009  2.279405E-01
 2017 326 0000    16   0  D    762.452   5039.252  1.049025E-01
 2017 327 0000    16   0  D    762.452   5039.252  1.557072E-01
 2017 328 0000     1   0  D    762.253   5039.009  2.708125E-01
 2017 329 0000    19   0  D    762.221   5038.771  5.984504E-01
 2017 330 0000    19   0  D    762.221   5038.771  4.727677E-01
 2017 331 0000     1   0  D    762.253   5039.009  2.461095E-01
 2017 332 0000    19   0  D    762.221   5038.771  1.196640E-01
 2017 333 0000    19   0  D    762.221   5038.771  3.411019E-01
 2017 334 0000     9   0  D    762.308   5038.811  1.519001E-06
 2017 335 0000    19   0  D    762.221   5038.771  5.138372E-01
 2017 336 0000    14   0  D    761.850   5038.547  2.115305E-01
 2017 337 0000    19   0  D    762.221   5038.771  9.277230E-02
 2017 338 0000    19   0  D    762.221   5038.771  1.788287E-01
 2017 339 0000    19   0  D    762.221   5038.771  1.046845E-01
 2017 340 0000    19   0  D    762.221   5038.771  1.549632E-01
 2017 341 0000     1   0  D    762.253   5039.009  1.653398E-01
 2017 342 0000    19   0  D    762.221   5038.771  2.687450E-01
 2017 343 0000     9   0  D    762.308   5038.811  2.077647E-01
 2017 344 0000    19   0  D    762.221   5038.771  7.967607E-01
 2017 345 0000     1   0  D    762.253   5039.009  4.787036E-01
 2017 346 0000     1   0  D    762.253   5039.009  2.844844E-01
 2017 347 0000    19   0  D    762.221   5038.771  9.065900E-02
 2017 348 0000    19   0  D    762.221   5038.771  2.044988E-01
 2017 349 0000    19   0  D    762.221   5038.771  3.104610E-01
 2017 350 0000     9   0  D    762.308   5038.811  3.395850E-01
 2017 351 0000     9   0  D    762.308   5038.811  1.167470E-01
 2017 352 0000    19   0  D    762.221   5038.771  4.148026E-01
 2017 353 0000    19   0  D    762.221   5038.771  7.977108E-01
 2017 354 0000    19   0  D    762.221   5038.771  2.255316E-01
 2017 355 0000    17   0  D    761.900   5038.891  7.031247E-02
 2017 356 0000    13   0  D    762.726   5039.480  2.001473E-02
 2017 357 0000     9   0  D    762.308   5038.811  3.223328E-03
 2017 358 0000     0   0         0.000      0.000  0.000000E+00
 2017 359 0000     0   0         0.000      0.000  0.000000E+00
 2017 360 0000     0   0         0.000      0.000  0.000000E+00
 2017 361 0000     0   0         0.000      0.000  0.000000E+00
 2017 362 0000     0   0         0.000      0.000  0.000000E+00
 2017 363 0000     0   0         0.000      0.000  0.000000E+00
 2017 364 0000     0   0         0.000      0.000  0.000000E+00
 2017 365 0000     0   0         0.000      0.000  0.000000E+00
