 TIME-SERIES Output  --------  CD            1

       24   HOUR Average  CONCENTRATION Values at Selected Receptors  (ng/m**3)    
       19   Receptors are Included

           Type:          DISC          DISC          DISC          DISC          DISC          DISC          DISC          DISC          DISC          DISC          DISC          DISC          DISC          DISC          DISC          DISC          DISC          DISC          DISC
             ix:             1             2             3             4             5             6             7             8             9            10            11            12            13            14            15            16            17            18            19
             iy:             0             0             0             0             0             0             0             0             0             0             0             0             0             0             0             0             0             0             0
          x(km):  7.622535E+02  7.591506E+02  7.595540E+02  7.596582E+02  7.607296E+02  7.603329E+02  7.632098E+02  7.547098E+02  7.623080E+02  7.616960E+02  7.592340E+02  7.616890E+02  7.627260E+02  7.618500E+02  7.666250E+02  7.624520E+02  7.619000E+02  7.615391E+02  7.622211E+02
          y(km):  5.039009E+03  5.035878E+03  5.036229E+03  5.037022E+03  5.036927E+03  5.035513E+03  5.035802E+03  5.043271E+03  5.038811E+03  5.038194E+03  5.036217E+03  5.039540E+03  5.039480E+03  5.038547E+03  5.042926E+03  5.039252E+03  5.038891E+03  5.039149E+03  5.038771E+03

 YYYY JDY HHMM (START time) 

 2017 243 0000    0.000000E+00  0.000000E+00  0.000000E+00  0.000000E+00  0.000000E+00  0.000000E+00  0.000000E+00  0.000000E+00  0.000000E+00  0.000000E+00  0.000000E+00  0.000000E+00  0.000000E+00  0.000000E+00  0.000000E+00  0.000000E+00  0.000000E+00  0.000000E+00  0.000000E+00
 2017 244 0000    0.000000E+00  0.000000E+00  0.000000E+00  0.000000E+00  0.000000E+00  0.000000E+00  0.000000E+00  0.000000E+00  0.000000E+00  0.000000E+00  0.000000E+00  0.000000E+00  0.000000E+00  0.000000E+00  0.000000E+00  0.000000E+00  0.000000E+00  0.000000E+00  0.000000E+00
 2017 245 0000    0.000000E+00  0.000000E+00  0.000000E+00  0.000000E+00  0.000000E+00  0.000000E+00  0.000000E+00  0.000000E+00  0.000000E+00  0.000000E+00  0.000000E+00  0.000000E+00  0.000000E+00  0.000000E+00  0.000000E+00  0.000000E+00  0.000000E+00  0.000000E+00  0.000000E+00
 2017 246 0000    0.000000E+00  0.000000E+00  0.000000E+00  0.000000E+00  0.000000E+00  0.000000E+00  0.000000E+00  0.000000E+00  0.000000E+00  0.000000E+00  0.000000E+00  0.000000E+00  0.000000E+00  0.000000E+00  0.000000E+00  0.000000E+00  0.000000E+00  0.000000E+00  0.000000E+00
 2017 247 0000    0.000000E+00  0.000000E+00  0.000000E+00  0.000000E+00  0.000000E+00  0.000000E+00  0.000000E+00  0.000000E+00  0.000000E+00  0.000000E+00  0.000000E+00  0.000000E+00  0.000000E+00  0.000000E+00  0.000000E+00  0.000000E+00  0.000000E+00  0.000000E+00  0.000000E+00
 2017 248 0000    0.000000E+00  0.000000E+00  0.000000E+00  0.000000E+00  0.000000E+00  0.000000E+00  0.000000E+00  0.000000E+00  0.000000E+00  0.000000E+00  0.000000E+00  0.000000E+00  0.000000E+00  0.000000E+00  0.000000E+00  0.000000E+00  0.000000E+00  0.000000E+00  0.000000E+00
 2017 249 0000    0.000000E+00  0.000000E+00  0.000000E+00  0.000000E+00  0.000000E+00  0.000000E+00  0.000000E+00  0.000000E+00  0.000000E+00  0.000000E+00  0.000000E+00  0.000000E+00  0.000000E+00  0.000000E+00  0.000000E+00  0.000000E+00  0.000000E+00  0.000000E+00  0.000000E+00
 2017 250 0000    0.000000E+00  0.000000E+00  0.000000E+00  0.000000E+00  0.000000E+00  0.000000E+00  0.000000E+00  0.000000E+00  0.000000E+00  0.000000E+00  0.000000E+00  0.000000E+00  0.000000E+00  0.000000E+00  0.000000E+00  0.000000E+00  0.000000E+00  0.000000E+00  0.000000E+00
 2017 251 0000    0.000000E+00  0.000000E+00  0.000000E+00  0.000000E+00  0.000000E+00  0.000000E+00  0.000000E+00  0.000000E+00  0.000000E+00  0.000000E+00  0.000000E+00  0.000000E+00  0.000000E+00  0.000000E+00  0.000000E+00  0.000000E+00  0.000000E+00  0.000000E+00  0.000000E+00
 2017 252 0000    0.000000E+00  0.000000E+00  0.000000E+00  0.000000E+00  0.000000E+00  0.000000E+00  0.000000E+00  0.000000E+00  0.000000E+00  0.000000E+00  0.000000E+00  0.000000E+00  0.000000E+00  0.000000E+00  0.000000E+00  0.000000E+00  0.000000E+00  0.000000E+00  0.000000E+00
 2017 253 0000    0.000000E+00  0.000000E+00  0.000000E+00  0.000000E+00  0.000000E+00  0.000000E+00  0.000000E+00  0.000000E+00  0.000000E+00  0.000000E+00  0.000000E+00  0.000000E+00  0.000000E+00  0.000000E+00  0.000000E+00  0.000000E+00  0.000000E+00  0.000000E+00  0.000000E+00
 2017 254 0000    0.000000E+00  0.000000E+00  0.000000E+00  0.000000E+00  0.000000E+00  0.000000E+00  0.000000E+00  0.000000E+00  0.000000E+00  0.000000E+00  0.000000E+00  0.000000E+00  0.000000E+00  0.000000E+00  0.000000E+00  0.000000E+00  0.000000E+00  0.000000E+00  0.000000E+00
 2017 255 0000    0.000000E+00  1.196141E-02  5.792697E-03  1.781296E-04  2.457132E-03  4.957732E-03  3.550141E-03  0.000000E+00  3.615630E-02  1.827237E-02  6.732174E-03  0.000000E+00  0.000000E+00  8.154122E-03  0.000000E+00  0.000000E+00  0.000000E+00  0.000000E+00  5.291559E-01
 2017 256 0000    2.330741E-01  7.805444E-04  5.767428E-04  2.694352E-04  4.672016E-04  9.888049E-04  8.212071E-04  8.946660E-07  5.224547E-04  5.001765E-05  6.032761E-04  3.623913E-02  2.411727E-03  1.686610E-06  1.786498E-06  3.327730E-03  2.163148E-02  1.933992E-02  4.476360E-03
 2017 257 0000    9.253369E-02  8.072049E-03  9.418622E-03  5.166296E-03  2.864461E-02  7.396069E-03  2.293068E-03  2.077087E-05  1.072917E-01  7.997916E-02  5.384149E-03  3.196833E-03  9.746311E-04  8.665618E-02  1.269294E-05  7.927259E-03  4.151724E-02  8.734006E-03  4.892789E-01
 2017 258 0000    7.423102E-09  6.926303E-03  9.958634E-03  1.630760E-03  3.194677E-02  1.387740E-02  1.394118E-02  0.000000E+00  1.767358E-03  1.278590E-01  4.911457E-03  0.000000E+00  0.000000E+00  8.960754E-02  0.000000E+00  0.000000E+00  2.089095E-04  0.000000E+00  6.142272E-01
 2017 259 0000    2.282839E-01  1.679459E-04  2.778946E-04  3.049242E-04  4.009331E-03  5.192725E-03  5.486229E-03  1.987812E-04  5.905972E-01  2.098746E-02  1.546872E-04  1.226964E-02  1.063676E-02  4.272743E-03  7.114073E-04  9.765425E-03  3.748427E-03  2.778330E-03  1.874235E-01
 2017 260 0000    3.240541E-07  0.000000E+00  0.000000E+00  0.000000E+00  0.000000E+00  0.000000E+00  0.000000E+00  0.000000E+00  2.428514E-04  0.000000E+00  0.000000E+00  0.000000E+00  1.029510E-01  0.000000E+00  0.000000E+00  4.789759E-02  0.000000E+00  0.000000E+00  1.823305E-06
 2017 261 0000    2.928948E-01  3.852112E-05  5.587773E-05  6.092790E-05  1.337291E-03  2.438516E-02  8.354091E-03  0.000000E+00  5.391549E-02  1.101480E-03  3.839477E-05  6.750578E-03  2.237611E-02  4.046931E-04  2.456278E-05  4.306548E-02  5.668445E-04  7.592214E-04  1.028972E-01
 2017 262 0000    0.000000E+00  0.000000E+00  0.000000E+00  0.000000E+00  1.166877E-06  2.486255E-03  2.252584E-03  0.000000E+00  6.475947E-01  2.915637E-04  0.000000E+00  0.000000E+00  0.000000E+00  1.615651E-04  0.000000E+00  0.000000E+00  0.000000E+00  0.000000E+00  8.451219E-01
 2017 263 0000    4.435720E-01  5.807675E-03  6.653955E-03  6.052071E-04  1.064776E-02  3.521599E-03  0.000000E+00  0.000000E+00  5.829580E-08  1.520460E-02  5.767934E-03  3.437038E-02  2.176624E-03  5.474432E-04  0.000000E+00  2.460998E-02  1.175605E-04  4.794705E-03  9.424533E-04
 2017 264 0000    3.457861E-01  5.804528E-04  1.223316E-03  2.269387E-04  1.596783E-02  6.121405E-03  3.837226E-03  0.000000E+00  9.081707E-04  2.011091E-02  1.981224E-04  2.761218E-02  1.957197E-03  6.433346E-04  0.000000E+00  1.047046E-03  1.047538E-04  1.326838E-03  3.357862E-02
 2017 265 0000    6.335277E-02  5.696305E-04  6.909540E-04  7.034930E-04  1.831166E-03  8.876381E-03  5.707619E-03  1.095243E-04  2.636409E-03  1.810758E-03  5.962885E-04  2.767333E-02  1.142423E-03  1.175368E-03  1.186733E-04  1.238671E-03  5.448892E-03  1.745090E-02  3.415876E-02
 2017 266 0000    2.425445E-01  1.068542E-02  1.248998E-02  1.440815E-02  1.824746E-02  1.086115E-02  6.858853E-03  1.001755E-04  4.763629E-02  5.542683E-02  1.437126E-02  5.561063E-02  3.739102E-03  1.625227E-02  3.158227E-05  4.099780E-03  2.481323E-02  1.912184E-02  2.566902E-01
 2017 267 0000    0.000000E+00  3.692582E-03  4.578142E-03  9.792465E-03  1.533556E-02  1.190973E-02  7.917126E-03  0.000000E+00  2.448061E-01  4.315327E-02  3.255317E-03  0.000000E+00  0.000000E+00  2.300796E-02  0.000000E+00  0.000000E+00  0.000000E+00  0.000000E+00  1.035660E+00
 2017 268 0000    1.287399E-07  2.750328E-04  6.074092E-04  2.843773E-03  8.906324E-03  7.561398E-04  6.566763E-03  0.000000E+00  9.410892E-02  1.032138E-02  2.811121E-04  0.000000E+00  0.000000E+00  4.777689E-02  0.000000E+00  0.000000E+00  6.037455E-02  4.372291E-04  1.043245E-01
 2017 269 0000    8.678809E-10  6.950754E-04  1.341160E-03  9.511085E-04  1.769638E-02  6.984921E-03  0.000000E+00  0.000000E+00  1.086152E-03  2.481520E-02  6.396379E-04  1.016493E-03  0.000000E+00  1.741221E-02  0.000000E+00  0.000000E+00  9.299908E-02  2.745375E-02  1.899733E-01
 2017 270 0000    1.428888E-01  1.218868E-03  1.783505E-03  1.791028E-03  8.705802E-03  1.461115E-02  3.606464E-03  1.076056E-07  2.556417E-02  3.239736E-02  1.263199E-03  1.930868E-02  3.014071E-03  2.739115E-02  9.753881E-06  3.277623E-03  1.008047E-01  2.870889E-02  3.024475E-01
 2017 271 0000    2.334854E-06  2.777067E-04  2.896740E-04  2.071053E-04  8.161828E-03  1.256255E-02  3.846055E-03  0.000000E+00  5.090418E-02  3.697718E-02  2.583084E-04  1.076802E-03  0.000000E+00  1.763171E-03  0.000000E+00  0.000000E+00  1.603995E-01  5.663698E-02  2.602941E-01
 2017 272 0000    1.154436E-07  2.686323E-03  3.671194E-03  1.447515E-02  7.121828E-03  9.026186E-03  5.149594E-03  0.000000E+00  3.817481E-03  2.150026E-02  3.651467E-03  0.000000E+00  0.000000E+00  1.672442E-02  0.000000E+00  0.000000E+00  1.301561E-01  1.489437E-02  3.526823E-01
 2017 273 0000    3.608390E-02  1.431752E-02  1.805957E-02  1.154090E-02  4.029690E-02  1.273755E-02  1.472786E-06  7.990551E-05  9.135334E-03  8.722680E-02  1.165232E-02  6.750041E-03  2.131441E-05  3.228831E-02  0.000000E+00  2.863213E-04  6.470001E-02  8.472681E-03  1.926035E-01
 2017 274 0000    5.586056E-08  3.453295E-03  3.381570E-03  2.551480E-03  5.217164E-03  2.212896E-03  4.681224E-03  0.000000E+00  1.674870E-01  4.715536E-02  3.233053E-03  0.000000E+00  0.000000E+00  7.985518E-02  0.000000E+00  0.000000E+00  3.631869E-03  0.000000E+00  3.160230E-01
 2017 275 0000    2.885135E-01  0.000000E+00  0.000000E+00  0.000000E+00  0.000000E+00  1.456298E-05  2.081410E-03  5.947470E-07  6.231922E-05  1.288827E-03  0.000000E+00  3.219479E-02  2.100107E-03  2.488934E-07  0.000000E+00  1.242770E-03  2.704298E-02  1.065237E-02  1.826383E-02
 2017 276 0000    3.205435E-06  2.033239E-02  2.178675E-02  1.983380E-02  4.926001E-02  1.488799E-02  7.908400E-03  0.000000E+00  2.223009E-02  1.405829E-01  1.447483E-02  1.466923E-06  4.061662E-06  1.384460E-01  0.000000E+00  7.621971E-07  4.227740E-02  4.053574E-05  1.803302E-01
 2017 277 0000    4.912002E-01  3.582364E-07  3.827051E-06  2.154108E-05  1.038575E-04  1.145062E-05  2.105325E-02  3.750936E-07  1.076628E-01  1.686016E-03  1.893328E-06  1.490378E-02  4.343006E-02  2.024635E-03  1.242211E-06  1.244608E-02  1.250365E-03  1.198613E-03  2.567305E-01
 2017 278 0000    2.707962E-01  7.910968E-03  1.040404E-02  1.474891E-02  1.441003E-02  7.934687E-03  1.917425E-02  1.229303E-05  1.431044E-01  1.502001E-02  8.530237E-03  1.726457E-02  8.749839E-03  9.444441E-03  1.682610E-06  1.972454E-02  4.038485E-02  3.321869E-02  1.548456E-01
 2017 279 0000    1.066629E-01  2.620882E-03  2.029895E-03  1.226093E-03  1.916702E-04  3.422532E-04  6.825686E-03  0.000000E+00  4.159585E-02  1.777816E-03  4.258992E-03  2.006923E-03  4.732845E-04  1.448088E-02  0.000000E+00  7.840244E-04  9.051465E-02  8.317668E-02  5.452891E-02
 2017 280 0000    2.496285E-01  4.781793E-03  5.048797E-03  8.084075E-03  5.455523E-03  9.549488E-03  8.281609E-03  4.695869E-07  4.571529E-03  3.701087E-02  6.233651E-03  1.091581E-02  2.677764E-02  9.150755E-02  0.000000E+00  7.581475E-02  6.106448E-02  3.076865E-02  1.726625E-02
 2017 281 0000    4.012216E-01  7.237513E-03  7.990146E-03  5.081222E-03  1.416794E-02  6.911898E-03  1.672402E-03  6.882521E-05  4.914448E-02  6.604844E-02  6.020934E-03  1.278602E-02  7.482670E-02  6.717706E-02  5.048624E-07  4.285084E-02  2.917729E-02  1.147113E-02  2.126782E-01
 2017 282 0000    1.289205E-01  3.907573E-03  4.618337E-03  6.524763E-03  6.076008E-03  4.761279E-03  3.546556E-03  3.980987E-06  1.463587E-03  1.207182E-02  4.407711E-03  4.033392E-02  0.000000E+00  2.454177E-03  0.000000E+00  1.767151E-05  3.152202E-03  4.665864E-02  1.531285E-02
 2017 283 0000    4.664252E-01  3.413602E-04  3.557591E-04  6.433894E-04  3.973833E-04  5.090237E-05  1.612832E-02  1.448780E-06  3.968174E-03  8.904632E-03  4.336323E-04  2.131933E-02  1.908348E-02  1.712262E-02  5.876147E-07  3.180760E-03  6.400064E-03  4.972465E-03  6.086342E-02
 2017 284 0000    3.076025E-01  1.352685E-03  1.737317E-03  1.532489E-03  8.191726E-03  9.198447E-03  2.870481E-02  1.669545E-06  1.056154E-01  4.647249E-02  1.432304E-03  3.764788E-02  1.018624E-02  4.224311E-02  1.317356E-04  5.072879E-03  1.245959E-03  3.923797E-03  8.301862E-02
 2017 285 0000    3.882816E-01  3.366225E-04  5.189939E-04  7.503562E-04  2.083824E-03  1.304321E-03  2.585757E-02  1.897101E-04  2.015134E-01  1.642721E-02  3.969003E-04  5.175560E-02  2.208853E-02  1.807476E-02  4.721851E-05  1.837558E-02  9.848912E-03  9.345711E-03  2.279207E-01
 2017 286 0000    3.856379E-01  2.905820E-04  6.759582E-04  4.603043E-05  1.332187E-02  1.115509E-03  2.572162E-02  0.000000E+00  2.623327E-01  2.801871E-02  3.193758E-05  1.029035E-02  4.406881E-03  3.165460E-03  8.775815E-05  3.965079E-02  1.316869E-03  5.799109E-04  1.458292E-01
 2017 287 0000    4.940126E-01  1.011737E-03  1.524511E-03  3.884906E-04  1.042376E-02  8.833137E-03  2.225046E-02  0.000000E+00  7.931343E-02  5.026139E-02  7.792835E-04  1.580935E-02  9.920006E-02  1.690700E-02  3.374480E-05  1.072025E-01  2.960350E-04  1.694084E-04  9.509224E-02
 2017 288 0000    1.744212E-01  8.395960E-04  1.216366E-03  4.529998E-04  4.347317E-03  4.343689E-03  3.837988E-02  2.509315E-07  7.245924E-02  2.559302E-02  7.135323E-04  3.385128E-02  5.952131E-02  1.819400E-02  7.150920E-06  6.562073E-02  2.364371E-02  1.727532E-02  1.434887E-01
 2017 289 0000    3.304999E-01  4.119349E-03  5.888699E-03  7.648163E-03  1.319519E-02  9.154956E-03  1.563860E-02  8.548094E-05  3.480120E-02  5.639111E-02  4.995015E-03  2.099820E-02  8.515822E-03  8.631237E-02  6.759107E-04  9.770518E-03  1.611187E-02  1.213471E-02  6.162571E-02
 2017 290 0000    3.195058E-01  8.061790E-04  1.243839E-03  1.728995E-03  5.339814E-03  4.840796E-03  1.425059E-02  7.511622E-05  8.111935E-02  2.987942E-02  9.896960E-04  5.453703E-02  5.530793E-02  3.756643E-02  6.352486E-04  1.071444E-01  3.245598E-02  1.719314E-02  1.432118E-01
 2017 291 0000    1.116127E-01  7.822792E-03  1.062167E-02  1.202203E-02  3.182142E-02  1.405450E-02  2.806924E-02  1.146311E-04  1.364743E-01  1.239317E-01  8.638395E-03  1.097863E-02  3.359467E-03  1.309797E-01  9.662125E-05  1.216076E-02  1.050971E-01  3.175356E-02  3.035777E-01
 2017 292 0000    2.557836E-07  1.064794E-03  2.242642E-03  3.014756E-03  7.167932E-03  4.848192E-03  3.461298E-02  0.000000E+00  3.377702E-02  3.290566E-02  1.388946E-03  0.000000E+00  3.917000E-08  3.048441E-02  0.000000E+00  5.747388E-08  1.066806E-04  0.000000E+00  2.214011E-01
 2017 293 0000    1.291741E-07  3.168770E-03  3.528944E-03  5.615933E-03  3.918823E-03  4.489236E-03  2.275103E-02  0.000000E+00  1.064482E-01  3.668693E-02  3.918385E-03  0.000000E+00  0.000000E+00  1.197424E-01  0.000000E+00  0.000000E+00  4.769324E-02  7.461694E-04  1.371997E-01
 2017 294 0000    1.613203E-03  1.669404E-03  2.182656E-03  2.478941E-03  7.386798E-03  5.230845E-03  2.259366E-02  2.305313E-04  1.880105E-02  5.715540E-02  1.790579E-03  1.023154E-02  3.690294E-04  5.004083E-02  2.030268E-06  5.341541E-04  8.427978E-02  4.765442E-02  1.135404E-01
 2017 295 0000    0.000000E+00  5.475523E-03  9.999268E-03  6.656999E-04  3.651804E-02  1.558679E-02  6.415273E-03  0.000000E+00  2.222820E-01  1.726295E-01  5.023950E-03  0.000000E+00  0.000000E+00  4.161718E-02  0.000000E+00  0.000000E+00  0.000000E+00  0.000000E+00  1.128093E+00
 2017 296 0000    1.787390E-01  2.700495E-03  3.580753E-03  3.588529E-03  8.048315E-03  1.666612E-03  8.981346E-03  6.535609E-06  5.338585E-02  5.318643E-02  3.215703E-03  2.702198E-02  3.307404E-02  1.398029E-02  1.180660E-05  1.067216E-02  1.509749E-02  4.275874E-02  9.214035E-02
 2017 297 0000    2.776151E-01  2.791117E-05  4.832603E-05  2.874490E-05  2.582804E-04  5.009465E-04  2.841140E-02  0.000000E+00  1.910666E-01  4.022135E-03  2.682864E-05  1.919627E-05  3.811507E-02  4.759883E-03  4.449176E-06  1.026730E-01  3.989958E-05  1.331058E-05  2.140038E-01
 2017 298 0000    2.061084E-01  1.862153E-04  3.905137E-04  2.013044E-04  1.087579E-02  6.418968E-03  1.582901E-02  3.431981E-07  3.562142E-03  1.477190E-02  1.567713E-04  3.424178E-02  1.479671E-02  1.629437E-03  2.107101E-04  1.708595E-02  3.382163E-02  7.167337E-03  1.629663E-02
 2017 299 0000    2.877981E-01  3.762208E-03  5.122774E-03  5.450831E-03  1.246916E-02  6.725295E-03  4.552708E-02  4.173462E-04  4.846337E-02  6.210139E-02  4.189875E-03  3.588938E-02  2.947852E-03  4.977091E-02  1.422999E-04  4.255150E-03  1.073737E-02  1.203267E-02  1.060280E-01
 2017 300 0000    1.297573E-01  2.042393E-03  3.193932E-03  1.733314E-03  1.823608E-02  5.565267E-03  6.771491E-03  7.998065E-06  8.645640E-02  3.615602E-02  1.470916E-03  4.795904E-03  4.046049E-03  1.201201E-02  8.970049E-05  1.556271E-02  3.562883E-02  1.450053E-03  1.090595E-01
 2017 301 0000    9.431668E-02  2.797237E-03  3.245302E-03  5.245729E-03  4.887811E-03  6.632661E-03  1.765975E-02  6.393361E-06  2.082755E-01  1.614871E-02  3.386506E-03  5.763485E-03  2.514213E-02  1.892613E-02  6.301757E-06  2.922281E-02  3.136987E-03  2.626832E-03  2.819567E-01
 2017 302 0000    6.070187E-02  1.935662E-03  2.617258E-03  1.759643E-03  1.663653E-02  1.467722E-02  3.458878E-03  2.338702E-06  4.449002E-02  4.352275E-02  1.703028E-03  4.020695E-03  2.262859E-02  4.845295E-02  0.000000E+00  2.179476E-02  2.187458E-02  6.651811E-04  5.792557E-02
 2017 303 0000    3.445124E-02  5.758021E-03  8.634089E-03  4.099430E-03  2.006587E-02  3.297302E-03  8.963952E-04  4.283156E-07  6.240342E-04  4.766997E-02  7.353239E-03  1.966509E-02  0.000000E+00  5.867232E-02  0.000000E+00  0.000000E+00  2.688422E-02  1.542760E-02  4.979688E-02
 2017 304 0000    3.481831E-08  9.492272E-03  1.274477E-02  4.128080E-03  6.887855E-03  1.166888E-02  1.556816E-02  0.000000E+00  8.132271E-04  3.426084E-02  9.821943E-03  0.000000E+00  0.000000E+00  6.888096E-02  0.000000E+00  0.000000E+00  2.483359E-02  0.000000E+00  3.881037E-01
 2017 305 0000    2.206747E-01  2.270588E-04  3.721504E-04  2.904723E-04  3.644824E-03  3.482256E-03  2.072246E-02  3.902426E-05  6.131989E-02  2.558943E-02  1.874734E-04  4.660105E-02  4.635646E-05  6.019915E-03  2.961378E-07  9.154342E-05  4.119717E-03  5.404149E-03  1.063528E-01
 2017 306 0000    1.525329E-01  5.085490E-03  7.843981E-03  1.959171E-03  2.019667E-02  7.504026E-03  5.162629E-04  9.160749E-05  3.443984E-02  5.465391E-02  2.808662E-03  1.503576E-02  1.836169E-03  1.608874E-02  6.435560E-05  1.141404E-02  8.132277E-03  6.449434E-03  8.604998E-02
 2017 307 0000    7.803918E-02  1.750612E-03  2.260676E-03  2.200487E-03  5.865910E-03  4.387343E-03  2.836447E-02  7.899963E-06  2.756196E-02  2.100751E-02  1.816253E-03  8.395446E-03  1.120067E-01  1.146859E-02  3.650082E-04  7.643286E-02  7.266070E-03  4.218843E-03  1.936211E-02
 2017 308 0000    1.309273E-05  5.918358E-03  7.345646E-03  4.612410E-03  1.118516E-02  1.026775E-02  1.246538E-02  0.000000E+00  2.409766E-01  4.156768E-02  6.084062E-03  6.366240E-07  1.552948E-07  1.955436E-02  0.000000E+00  5.688916E-07  6.712031E-02  5.110928E-03  2.427618E-01
 2017 309 0000    2.567424E-01  0.000000E+00  0.000000E+00  0.000000E+00  0.000000E+00  1.931348E-06  0.000000E+00  6.878901E-08  6.534624E-07  0.000000E+00  0.000000E+00  3.923983E-02  0.000000E+00  0.000000E+00  0.000000E+00  1.548874E-07  3.244311E-03  1.262121E-02  1.087210E-05
 2017 310 0000    5.910324E-04  4.483353E-03  5.520761E-03  1.067659E-02  4.049540E-03  7.920196E-05  1.189743E-06  0.000000E+00  2.782495E-03  3.885499E-02  6.293264E-03  4.222279E-07  1.044371E-02  1.369886E-01  0.000000E+00  2.527722E-02  1.834096E-03  0.000000E+00  1.093395E-01
 2017 311 0000    0.000000E+00  5.897776E-03  7.370272E-03  1.011676E-02  1.369618E-02  3.132232E-03  8.007607E-03  0.000000E+00  1.512886E-01  8.192665E-02  6.690066E-03  0.000000E+00  0.000000E+00  1.160217E-01  0.000000E+00  0.000000E+00  7.052120E-06  0.000000E+00  5.187316E-01
 2017 312 0000    3.495719E-03  3.252191E-03  3.650487E-03  5.349242E-03  4.492885E-03  4.239794E-03  1.412562E-02  6.683050E-06  4.741448E-03  8.907753E-03  3.707697E-03  3.235526E-03  1.174763E-01  1.348410E-02  7.045948E-05  5.172510E-02  3.883653E-02  8.939311E-03  2.919379E-02
 2017 313 0000    3.857908E-04  8.800901E-03  1.276540E-02  1.410328E-02  2.450720E-02  1.537602E-02  0.000000E+00  0.000000E+00  8.263550E-04  9.242651E-02  1.282764E-02  4.925509E-05  8.129978E-05  8.764461E-02  0.000000E+00  9.405855E-04  1.399479E-02  6.313420E-04  3.316179E-02
 2017 314 0000    1.202850E-01  0.000000E+00  0.000000E+00  0.000000E+00  8.116142E-05  8.728222E-03  3.268911E-04  0.000000E+00  5.544126E-04  1.115686E-04  0.000000E+00  5.687719E-03  8.780974E-02  0.000000E+00  3.429143E-07  2.397067E-02  0.000000E+00  3.147757E-06  9.387856E-03
 2017 315 0000    1.159924E-01  1.075490E-04  1.401937E-04  2.528850E-04  3.110212E-04  3.842277E-04  9.726176E-03  2.411859E-04  2.802179E-02  3.498718E-03  1.375248E-04  1.056386E-02  1.122544E-01  3.711708E-03  2.186514E-05  5.293624E-02  5.152686E-02  4.331925E-02  8.370920E-02
 2017 316 0000    1.247624E-01  9.112988E-03  1.735031E-02  5.988104E-03  2.903745E-02  1.134301E-02  1.581305E-02  2.003010E-06  7.446992E-02  1.440678E-01  1.240196E-02  1.253649E-03  3.409981E-02  8.295570E-02  3.474110E-06  4.720419E-02  4.520159E-02  3.323840E-03  4.391367E-01
 2017 317 0000    1.325987E-07  2.134227E-03  2.270588E-03  1.681643E-03  1.414735E-02  6.196399E-03  3.855061E-03  0.000000E+00  2.265326E-01  5.203896E-02  1.915702E-03  0.000000E+00  0.000000E+00  4.442252E-02  0.000000E+00  0.000000E+00  1.535456E-01  6.570536E-03  5.317830E-01
 2017 318 0000    0.000000E+00  4.591960E-04  6.787015E-04  1.083059E-03  9.189796E-03  2.027959E-02  0.000000E+00  0.000000E+00  1.629144E-04  2.279231E-02  3.800541E-04  0.000000E+00  0.000000E+00  3.790278E-02  0.000000E+00  0.000000E+00  2.289968E-02  0.000000E+00  3.084450E-01
 2017 319 0000    0.000000E+00  4.481650E-03  5.647413E-03  7.210628E-03  1.099412E-02  4.571356E-03  0.000000E+00  0.000000E+00  2.834945E-05  5.814070E-02  5.865659E-03  0.000000E+00  0.000000E+00  1.316137E-01  0.000000E+00  0.000000E+00  3.025135E-02  0.000000E+00  5.524318E-01
 2017 320 0000    5.185604E-08  1.374527E-02  1.425759E-02  6.433468E-03  1.683204E-02  7.645833E-04  2.539949E-03  0.000000E+00  3.763227E-02  3.119491E-02  9.605902E-03  0.000000E+00  0.000000E+00  4.145482E-02  0.000000E+00  0.000000E+00  9.558738E-02  6.221372E-07  3.783156E-02
 2017 321 0000    0.000000E+00  3.910194E-03  4.918002E-03  5.270189E-03  1.219422E-02  6.787813E-03  1.317832E-02  0.000000E+00  3.762293E-02  3.626828E-02  3.790443E-03  0.000000E+00  0.000000E+00  3.642922E-02  0.000000E+00  0.000000E+00  3.473321E-03  0.000000E+00  2.533129E-01
 2017 322 0000    2.961878E-05  3.304021E-03  3.643543E-03  5.494620E-03  1.973222E-03  2.953024E-03  1.133813E-02  3.755430E-07  1.039529E-01  3.321131E-03  3.647776E-03  2.082491E-05  1.957821E-05  7.451705E-03  3.638399E-07  2.396099E-05  3.100403E-02  9.837390E-04  1.937589E-01
 2017 323 0000    1.609938E-01  2.285682E-03  3.491133E-03  4.329204E-03  9.202313E-03  1.456403E-02  8.234487E-03  1.962115E-05  8.431960E-03  4.496976E-02  2.678046E-03  2.153895E-02  2.574199E-03  3.395002E-02  3.938692E-07  2.688966E-02  2.886196E-03  9.598547E-03  1.909075E-01
 2017 324 0000    1.426949E-05  2.464289E-03  2.108001E-03  6.114278E-04  8.100943E-03  1.489578E-02  4.323578E-03  0.000000E+00  1.393624E-02  3.473443E-02  1.729916E-03  2.227700E-03  0.000000E+00  1.708842E-02  0.000000E+00  0.000000E+00  4.995683E-02  5.719677E-02  8.230571E-02
 2017 325 0000    2.279405E-01  1.088739E-03  1.359581E-03  1.584065E-03  2.731586E-03  1.618314E-03  2.087810E-02  9.877380E-05  7.374261E-03  6.861872E-03  1.196049E-03  3.655289E-03  4.666511E-03  4.856414E-03  1.200139E-04  2.653779E-02  3.331418E-03  3.184834E-03  4.788579E-03
 2017 326 0000    9.889303E-02  2.276636E-03  3.146683E-03  4.136120E-03  6.854557E-03  3.829625E-03  1.818348E-02  4.184425E-04  3.711664E-02  2.417556E-02  2.651182E-03  1.510722E-02  5.051723E-02  2.235839E-02  7.698889E-04  1.049025E-01  1.792365E-02  1.827390E-02  2.275440E-02
 2017 327 0000    1.551944E-01  4.377820E-03  5.056780E-03  2.248371E-03  8.693712E-03  2.128298E-03  2.213552E-02  4.050798E-05  8.337749E-03  2.491576E-02  3.865030E-03  3.679164E-04  7.704016E-02  9.093557E-03  1.074114E-05  1.557072E-01  2.328911E-04  3.307919E-04  2.246539E-03
 2017 328 0000    2.708125E-01  0.000000E+00  0.000000E+00  0.000000E+00  2.797705E-04  6.228996E-04  6.131198E-03  0.000000E+00  2.521601E-03  4.644759E-03  0.000000E+00  3.745078E-03  3.448565E-02  2.014432E-04  0.000000E+00  1.136164E-02  3.161726E-09  0.000000E+00  5.614878E-03
 2017 329 0000    1.214190E-07  8.081113E-03  1.033148E-02  3.077843E-03  1.968010E-02  1.177941E-02  5.008638E-03  0.000000E+00  4.057653E-03  1.236848E-01  7.100425E-03  0.000000E+00  0.000000E+00  1.040182E-01  0.000000E+00  0.000000E+00  1.198172E-05  0.000000E+00  5.984504E-01
 2017 330 0000    3.532096E-03  3.091943E-03  3.915334E-03  1.105560E-02  7.358963E-03  4.633229E-03  4.865327E-03  0.000000E+00  7.843414E-02  5.353781E-02  3.936500E-03  1.757745E-03  2.514672E-03  6.105748E-02  0.000000E+00  3.913646E-03  6.233063E-03  1.259984E-03  4.727677E-01
 2017 331 0000    2.461095E-01  1.662725E-03  2.152157E-03  9.507518E-04  4.905168E-03  4.806635E-03  2.815477E-03  0.000000E+00  3.789530E-03  4.612234E-03  1.514261E-03  3.003335E-03  5.347213E-02  1.018229E-03  1.548900E-06  3.287737E-02  2.973113E-04  1.391962E-04  1.587702E-03
 2017 332 0000    4.413713E-11  5.762230E-04  1.270348E-03  6.648591E-07  2.301187E-02  2.002248E-02  7.015934E-03  0.000000E+00  1.458894E-02  5.292894E-02  2.853818E-05  0.000000E+00  1.324970E-03  4.587822E-03  0.000000E+00  1.642493E-05  0.000000E+00  0.000000E+00  1.196640E-01
 2017 333 0000    7.992807E-08  3.459098E-06  6.001655E-06  0.000000E+00  1.416890E-04  4.400167E-03  9.856105E-03  0.000000E+00  1.965379E-01  4.731937E-05  0.000000E+00  0.000000E+00  0.000000E+00  1.998553E-07  0.000000E+00  0.000000E+00  0.000000E+00  0.000000E+00  3.411019E-01
 2017 334 0000    5.731175E-08  0.000000E+00  0.000000E+00  0.000000E+00  0.000000E+00  0.000000E+00  0.000000E+00  0.000000E+00  1.519001E-06  0.000000E+00  0.000000E+00  0.000000E+00  0.000000E+00  0.000000E+00  0.000000E+00  0.000000E+00  0.000000E+00  0.000000E+00  0.000000E+00
 2017 335 0000    0.000000E+00  9.707517E-03  1.352893E-02  3.758096E-03  2.409206E-02  5.342631E-03  0.000000E+00  0.000000E+00  7.311427E-03  1.268664E-01  8.986741E-03  0.000000E+00  0.000000E+00  1.036939E-01  0.000000E+00  0.000000E+00  0.000000E+00  0.000000E+00  5.138372E-01
 2017 336 0000    0.000000E+00  1.551875E-02  1.909935E-02  1.469054E-02  8.238658E-03  1.668856E-04  0.000000E+00  0.000000E+00  2.463395E-03  7.407866E-02  1.648241E-02  0.000000E+00  0.000000E+00  2.115305E-01  0.000000E+00  0.000000E+00  1.707329E-02  0.000000E+00  4.144419E-02
 2017 337 0000    2.416496E-09  9.516888E-03  1.037421E-02  3.090828E-03  2.509179E-03  1.235841E-02  6.317131E-04  0.000000E+00  6.485480E-02  1.604931E-02  9.459818E-03  0.000000E+00  0.000000E+00  7.690616E-02  0.000000E+00  0.000000E+00  6.876156E-02  2.256946E-03  9.277230E-02
 2017 338 0000    1.932378E-06  1.111283E-02  1.097589E-02  9.739599E-03  3.350872E-03  2.720608E-03  7.914881E-03  0.000000E+00  6.327279E-02  1.841123E-02  9.686790E-03  8.353500E-07  1.139149E-08  1.489286E-02  0.000000E+00  2.743513E-07  8.255664E-02  9.999199E-03  1.788287E-01
 2017 339 0000    1.952803E-03  1.221656E-03  1.792292E-03  1.772539E-03  3.547059E-03  1.798427E-03  1.478485E-02  2.498736E-04  2.072424E-02  2.076268E-02  1.432830E-03  1.392292E-02  6.760135E-04  2.331606E-02  6.672426E-05  9.325384E-04  9.750046E-03  6.329983E-02  1.046845E-01
 2017 340 0000    6.643835E-02  1.945506E-04  3.329530E-04  2.049133E-04  2.029371E-03  2.444574E-03  1.170922E-02  1.240763E-05  3.026220E-02  3.580186E-02  1.682144E-04  1.967910E-03  1.149359E-02  1.305618E-02  2.223398E-04  1.211044E-02  2.407311E-03  8.172462E-04  1.549632E-01
 2017 341 0000    1.653398E-01  4.334497E-05  6.340258E-05  6.444067E-05  2.004590E-04  1.460320E-04  1.883552E-02  8.762203E-07  7.822407E-02  5.067908E-04  4.634877E-05  7.157676E-03  1.213469E-02  6.621598E-04  1.127038E-04  1.633854E-02  8.629300E-04  4.560988E-04  1.052952E-02
 2017 342 0000    0.000000E+00  8.867268E-03  1.072381E-02  3.126792E-03  1.399167E-02  1.126600E-02  6.095384E-03  0.000000E+00  7.717732E-03  7.569360E-02  8.237200E-03  0.000000E+00  0.000000E+00  6.840651E-02  0.000000E+00  0.000000E+00  0.000000E+00  0.000000E+00  2.687450E-01
 2017 343 0000    2.793872E-07  4.804907E-04  7.641048E-04  5.008092E-03  3.757347E-04  9.317707E-05  2.951777E-03  0.000000E+00  2.077647E-01  7.361725E-03  2.247977E-03  0.000000E+00  0.000000E+00  5.163411E-02  0.000000E+00  1.650249E-09  0.000000E+00  0.000000E+00  7.056434E-04
 2017 344 0000    3.734631E-05  7.665200E-03  8.521344E-03  1.118594E-02  1.637578E-02  1.508851E-02  3.351819E-03  0.000000E+00  1.644618E-02  1.269680E-01  8.614648E-03  7.938928E-06  5.904022E-06  7.458017E-02  0.000000E+00  1.087242E-05  2.627334E-04  5.722575E-05  7.967607E-01
 2017 345 0000    4.787036E-01  0.000000E+00  0.000000E+00  0.000000E+00  2.868182E-06  3.248164E-03  1.226134E-02  0.000000E+00  4.987116E-03  8.994873E-06  0.000000E+00  3.872345E-03  2.657193E-04  0.000000E+00  8.266444E-08  1.086104E-04  0.000000E+00  0.000000E+00  3.486221E-01
 2017 346 0000    2.844844E-01  4.904805E-03  7.289575E-03  9.091468E-03  1.773888E-02  1.045613E-02  9.477649E-03  2.113949E-07  1.548252E-02  5.117972E-02  5.585079E-03  1.593942E-02  8.568404E-03  2.332287E-02  8.893750E-08  6.009242E-02  2.606489E-03  2.065498E-02  2.021101E-02
 2017 347 0000    4.133458E-05  9.645104E-03  1.112588E-02  1.090391E-02  1.485314E-02  4.138620E-03  3.685650E-03  0.000000E+00  2.495550E-03  7.256167E-02  1.265786E-02  1.488705E-05  1.105316E-03  7.926216E-02  9.263510E-07  1.387495E-04  3.035299E-05  1.900226E-05  9.065900E-02
 2017 348 0000    5.193239E-02  4.918932E-03  4.878009E-03  1.501679E-02  5.595722E-03  1.549421E-02  1.212771E-03  1.563942E-04  1.004584E-01  1.388372E-02  7.267225E-03  2.299254E-02  2.904563E-03  1.544014E-02  1.017678E-04  2.226373E-02  5.919010E-03  4.380741E-02  2.044988E-01
 2017 349 0000    7.998218E-02  3.837096E-04  6.303263E-04  5.721012E-04  1.936298E-03  1.332025E-03  1.298209E-03  2.949618E-06  1.287000E-01  1.856810E-02  4.257954E-04  6.854400E-04  2.718364E-02  2.105178E-02  4.142997E-04  6.773590E-02  1.252001E-03  5.022101E-04  3.104610E-01
 2017 350 0000    3.089196E-04  6.143462E-03  9.429370E-03  1.547238E-02  6.868202E-03  1.963223E-03  6.607693E-03  0.000000E+00  3.395850E-01  6.383519E-02  1.038741E-02  3.576749E-06  1.480711E-04  1.846388E-01  0.000000E+00  1.703231E-04  8.305591E-04  2.496611E-05  1.931765E-01
 2017 351 0000    9.453053E-03  6.658074E-03  8.663290E-03  1.073499E-02  2.029824E-02  5.388206E-03  2.286602E-02  4.743922E-07  1.167470E-01  7.395396E-02  7.788609E-03  3.178295E-03  2.083457E-03  9.960985E-02  0.000000E+00  7.780491E-03  1.733638E-02  3.605549E-03  6.657753E-02
 2017 352 0000    0.000000E+00  2.031595E-03  2.198311E-03  2.175177E-04  5.890712E-03  1.149305E-02  4.840934E-03  0.000000E+00  3.089035E-02  4.423659E-02  1.233318E-03  0.000000E+00  0.000000E+00  3.220976E-02  0.000000E+00  0.000000E+00  0.000000E+00  0.000000E+00  4.148026E-01
 2017 353 0000    2.939553E-06  5.969142E-03  8.771891E-03  1.127415E-02  2.834691E-02  2.965598E-02  5.505196E-06  4.496191E-08  1.323191E-02  1.139266E-01  7.053060E-03  2.830165E-04  9.049747E-07  2.185551E-02  0.000000E+00  1.737678E-06  3.013654E-03  4.874144E-02  7.977108E-01
 2017 354 0000    4.406021E-08  1.281013E-04  2.362358E-04  0.000000E+00  3.457963E-03  1.014948E-02  2.542676E-02  0.000000E+00  2.175474E-01  4.242721E-03  2.539577E-05  0.000000E+00  0.000000E+00  1.915501E-04  0.000000E+00  0.000000E+00  0.000000E+00  0.000000E+00  2.255316E-01
 2017 355 0000    1.064071E-02  2.426029E-03  2.640097E-03  4.197303E-03  3.870114E-03  3.221280E-03  1.839912E-02  3.777404E-06  2.654403E-02  3.305314E-02  3.005969E-03  4.089796E-03  1.546375E-02  6.196838E-02  3.337517E-06  1.869540E-02  7.031247E-02  1.742237E-02  3.765563E-02
 2017 356 0000    3.394198E-03  1.769254E-04  2.788658E-04  4.199486E-04  8.140845E-04  3.220501E-04  1.135304E-02  6.742096E-11  1.001971E-02  2.975745E-03  2.200152E-04  5.168830E-03  2.001473E-02  4.093144E-03  1.309592E-04  5.341856E-03  4.025095E-03  4.306254E-03  4.571742E-03
 2017 357 0000    1.016682E-07  0.000000E+00  0.000000E+00  0.000000E+00  0.000000E+00  0.000000E+00  4.455299E-04  0.000000E+00  3.223328E-03  1.445489E-09  0.000000E+00  0.000000E+00  6.983309E-08  3.595381E-09  0.000000E+00  3.965555E-08  0.000000E+00  0.000000E+00  1.121302E-03
 2017 358 0000    0.000000E+00  0.000000E+00  0.000000E+00  0.000000E+00  0.000000E+00  0.000000E+00  0.000000E+00  0.000000E+00  0.000000E+00  0.000000E+00  0.000000E+00  0.000000E+00  0.000000E+00  0.000000E+00  0.000000E+00  0.000000E+00  0.000000E+00  0.000000E+00  0.000000E+00
 2017 359 0000    0.000000E+00  0.000000E+00  0.000000E+00  0.000000E+00  0.000000E+00  0.000000E+00  0.000000E+00  0.000000E+00  0.000000E+00  0.000000E+00  0.000000E+00  0.000000E+00  0.000000E+00  0.000000E+00  0.000000E+00  0.000000E+00  0.000000E+00  0.000000E+00  0.000000E+00
 2017 360 0000    0.000000E+00  0.000000E+00  0.000000E+00  0.000000E+00  0.000000E+00  0.000000E+00  0.000000E+00  0.000000E+00  0.000000E+00  0.000000E+00  0.000000E+00  0.000000E+00  0.000000E+00  0.000000E+00  0.000000E+00  0.000000E+00  0.000000E+00  0.000000E+00  0.000000E+00
 2017 361 0000    0.000000E+00  0.000000E+00  0.000000E+00  0.000000E+00  0.000000E+00  0.000000E+00  0.000000E+00  0.000000E+00  0.000000E+00  0.000000E+00  0.000000E+00  0.000000E+00  0.000000E+00  0.000000E+00  0.000000E+00  0.000000E+00  0.000000E+00  0.000000E+00  0.000000E+00
 2017 362 0000    0.000000E+00  0.000000E+00  0.000000E+00  0.000000E+00  0.000000E+00  0.000000E+00  0.000000E+00  0.000000E+00  0.000000E+00  0.000000E+00  0.000000E+00  0.000000E+00  0.000000E+00  0.000000E+00  0.000000E+00  0.000000E+00  0.000000E+00  0.000000E+00  0.000000E+00
 2017 363 0000    0.000000E+00  0.000000E+00  0.000000E+00  0.000000E+00  0.000000E+00  0.000000E+00  0.000000E+00  0.000000E+00  0.000000E+00  0.000000E+00  0.000000E+00  0.000000E+00  0.000000E+00  0.000000E+00  0.000000E+00  0.000000E+00  0.000000E+00  0.000000E+00  0.000000E+00
 2017 364 0000    0.000000E+00  0.000000E+00  0.000000E+00  0.000000E+00  0.000000E+00  0.000000E+00  0.000000E+00  0.000000E+00  0.000000E+00  0.000000E+00  0.000000E+00  0.000000E+00  0.000000E+00  0.000000E+00  0.000000E+00  0.000000E+00  0.000000E+00  0.000000E+00  0.000000E+00
 2017 365 0000    0.000000E+00  0.000000E+00  0.000000E+00  0.000000E+00  0.000000E+00  0.000000E+00  0.000000E+00  0.000000E+00  0.000000E+00  0.000000E+00  0.000000E+00  0.000000E+00  0.000000E+00  0.000000E+00  0.000000E+00  0.000000E+00  0.000000E+00  0.000000E+00  0.000000E+00
